4.357500e-01 8.827947e+08
4.358000e-01 8.793358e+08
4.358500e-01 8.664684e+08
4.359000e-01 8.939442e+08
4.359500e-01 9.165187e+08
4.360000e-01 9.014452e+08
4.360500e-01 9.201194e+08
4.361000e-01 9.083101e+08
4.361500e-01 8.933154e+08
4.362000e-01 9.019769e+08
4.362500e-01 9.148061e+08
4.363000e-01 9.109992e+08
4.363500e-01 9.212705e+08
4.364000e-01 9.272176e+08
4.364500e-01 9.262834e+08
4.365000e-01 9.056982e+08
4.365500e-01 9.146431e+08
4.366000e-01 9.092470e+08
4.366500e-01 8.949338e+08
4.367000e-01 8.511951e+08
4.367500e-01 8.508229e+08
4.368000e-01 8.531199e+08
4.368500e-01 8.473286e+08
4.369000e-01 8.749397e+08
4.369500e-01 8.947899e+08
4.370000e-01 9.173890e+08
4.370500e-01 9.407720e+08
4.371000e-01 9.655726e+08
4.371500e-01 9.574530e+08
4.372000e-01 9.641447e+08
4.372500e-01 9.533164e+08
4.373000e-01 9.615171e+08
4.373500e-01 9.484027e+08
4.374000e-01 9.295507e+08
4.374500e-01 9.293090e+08
4.375000e-01 9.173902e+08
4.375500e-01 9.120413e+08
4.376000e-01 8.727697e+08
4.376500e-01 8.602039e+08
4.377000e-01 8.561601e+08
4.377500e-01 8.529503e+08
4.378000e-01 8.472180e+08
4.378500e-01 8.446004e+08
4.379000e-01 8.420763e+08
4.379500e-01 8.274385e+08
4.380000e-01 8.440795e+08
4.380500e-01 8.497909e+08
4.381000e-01 8.442961e+08
4.381500e-01 8.672989e+08
4.382000e-01 8.876941e+08
4.382500e-01 8.843963e+08
4.383000e-01 8.943963e+08
4.383500e-01 9.086114e+08
4.384000e-01 8.931932e+08
4.384500e-01 9.041342e+08
4.385000e-01 9.264580e+08
4.385500e-01 9.025057e+08
4.386000e-01 9.133748e+08
4.386500e-01 9.270308e+08
4.387000e-01 9.471866e+08
4.387500e-01 9.446542e+08
4.388000e-01 9.288419e+08
4.388500e-01 9.307868e+08
4.389000e-01 9.124475e+08
4.389500e-01 9.256007e+08
4.390000e-01 9.212565e+08
4.390500e-01 9.248197e+08
4.391000e-01 9.229306e+08
4.391500e-01 9.212829e+08
4.392000e-01 9.174362e+08
4.392500e-01 9.017415e+08
4.393000e-01 9.144190e+08
4.393500e-01 9.070960e+08
4.394000e-01 9.064491e+08
4.394500e-01 9.059131e+08
4.395000e-01 8.990266e+08
4.395500e-01 8.966927e+08
4.396000e-01 8.780876e+08
4.396500e-01 8.759025e+08
4.397000e-01 8.756885e+08
4.397500e-01 8.283024e+08
4.398000e-01 8.521368e+08
4.398500e-01 8.759680e+08
4.399000e-01 8.774631e+08
4.399500e-01 8.693234e+08
4.400000e-01 8.800851e+08
4.400500e-01 8.817716e+08
4.401000e-01 8.877535e+08
4.401500e-01 8.960085e+08
4.402000e-01 8.886156e+08
4.402500e-01 8.816494e+08
4.403000e-01 8.856706e+08
4.403500e-01 8.680605e+08
4.404000e-01 8.702955e+08
4.404500e-01 8.453402e+08
4.405000e-01 8.517344e+08
4.405500e-01 8.257806e+08
4.406000e-01 8.039488e+08
4.406500e-01 8.088902e+08
4.407000e-01 7.866020e+08
4.407500e-01 7.717032e+08
4.408000e-01 7.834603e+08
4.408500e-01 7.313628e+08
4.409000e-01 7.552172e+08
4.409500e-01 7.786538e+08
4.410000e-01 8.003500e+08
4.410500e-01 7.989697e+08
4.411000e-01 8.024156e+08
4.411500e-01 7.720497e+08
4.412000e-01 7.762730e+08
4.412500e-01 7.746783e+08
4.413000e-01 8.031849e+08
4.413500e-01 8.325179e+08
4.414000e-01 8.279495e+08
4.414500e-01 7.951022e+08
4.415000e-01 7.705097e+08
4.415500e-01 7.602696e+08
4.416000e-01 7.496463e+08
4.416500e-01 7.598987e+08
4.417000e-01 7.798001e+08
4.417500e-01 7.879461e+08
4.418000e-01 8.088456e+08
4.418500e-01 8.006991e+08
4.419000e-01 8.063667e+08
4.419500e-01 8.097405e+08
4.420000e-01 7.941293e+08
4.420500e-01 8.211586e+08
4.421000e-01 8.251814e+08
4.421500e-01 8.474496e+08
4.422000e-01 8.603275e+08
4.422500e-01 8.678277e+08
4.423000e-01 8.893757e+08
4.423500e-01 8.805821e+08
4.424000e-01 8.887604e+08
4.424500e-01 9.035822e+08
4.425000e-01 9.009227e+08
4.425500e-01 9.079489e+08
4.426000e-01 9.277501e+08
4.426500e-01 9.401700e+08
4.427000e-01 9.322086e+08
4.427500e-01 9.255684e+08
4.428000e-01 9.374949e+08
4.428500e-01 9.288924e+08
4.429000e-01 9.338133e+08
4.429500e-01 9.326804e+08
4.430000e-01 9.143692e+08
4.430500e-01 9.148911e+08
4.431000e-01 8.714287e+08
4.431500e-01 8.383521e+08
4.432000e-01 8.405571e+08
4.432500e-01 8.398488e+08
4.433000e-01 8.229810e+08
4.433500e-01 8.246970e+08
4.434000e-01 8.182944e+08
4.434500e-01 8.123512e+08
4.435000e-01 8.137464e+08
4.435500e-01 8.174937e+08
4.436000e-01 8.481186e+08
4.436500e-01 8.472881e+08
4.437000e-01 8.399911e+08
4.437500e-01 8.621551e+08
4.438000e-01 8.570017e+08
4.438500e-01 8.814532e+08
4.439000e-01 8.667307e+08
4.439500e-01 8.550823e+08
4.440000e-01 8.693654e+08
4.440500e-01 8.516364e+08
4.441000e-01 8.400786e+08
4.441500e-01 8.332476e+08
4.442000e-01 8.359106e+08
4.442500e-01 8.355476e+08
4.443000e-01 8.173275e+08
4.443500e-01 8.129028e+08
4.444000e-01 8.071412e+08
4.444500e-01 7.925270e+08
4.445000e-01 7.736486e+08
4.445500e-01 8.178548e+08
4.446000e-01 8.629465e+08
4.446500e-01 9.295649e+08
4.447000e-01 1.014243e+09
4.447500e-01 1.096427e+09
4.448000e-01 1.151186e+09
4.448500e-01 1.146342e+09
4.449000e-01 1.105961e+09
4.449500e-01 1.091605e+09
4.450000e-01 1.083439e+09
4.450500e-01 1.079939e+09
4.451000e-01 1.093857e+09
4.451500e-01 1.015900e+09
4.452000e-01 9.190205e+08
4.452500e-01 7.972215e+08
4.453000e-01 7.442221e+08
4.453500e-01 7.391783e+08
4.454000e-01 7.556540e+08
4.454500e-01 7.663963e+08
4.455000e-01 7.717339e+08
4.455500e-01 7.962105e+08
4.456000e-01 8.161957e+08
4.456500e-01 8.289742e+08
4.457000e-01 8.308063e+08
4.457500e-01 8.418139e+08
4.458000e-01 8.579426e+08
4.458500e-01 8.642209e+08
4.459000e-01 8.534695e+08
4.459500e-01 8.394565e+08
4.460000e-01 8.378852e+08
4.460500e-01 8.394071e+08
4.461000e-01 8.366253e+08
4.461500e-01 8.425388e+08
4.462000e-01 8.407297e+08
4.462500e-01 8.455906e+08
4.463000e-01 8.705350e+08
4.463500e-01 8.734899e+08
4.464000e-01 8.938489e+08
4.464500e-01 9.200020e+08
4.465000e-01 9.173005e+08
4.465500e-01 9.269930e+08
4.466000e-01 9.493001e+08
4.466500e-01 9.379023e+08
4.467000e-01 9.332380e+08
4.467500e-01 9.505227e+08
4.468000e-01 9.645564e+08
4.468500e-01 9.710511e+08
4.469000e-01 9.837736e+08
4.469500e-01 9.535960e+08
4.470000e-01 9.570883e+08
4.470500e-01 9.665741e+08
4.471000e-01 9.811938e+08
4.471500e-01 9.799380e+08
4.472000e-01 9.872551e+08
4.472500e-01 1.005887e+09
4.473000e-01 1.026968e+09
4.473500e-01 1.009460e+09
4.474000e-01 9.995504e+08
4.474500e-01 9.966248e+08
4.475000e-01 1.001322e+09
4.475500e-01 9.843757e+08
4.476000e-01 9.795499e+08
4.476500e-01 9.689761e+08
4.477000e-01 9.750572e+08
4.477500e-01 9.634706e+08
4.478000e-01 9.594097e+08
4.478500e-01 9.514037e+08
4.479000e-01 9.657307e+08
4.479500e-01 9.647432e+08
4.480000e-01 9.771254e+08
4.480500e-01 9.794861e+08
4.481000e-01 9.571634e+08
4.481500e-01 9.596717e+08
4.482000e-01 9.512792e+08
4.482500e-01 9.417598e+08
4.483000e-01 9.657002e+08
4.483500e-01 9.394611e+08
4.484000e-01 9.366034e+08
4.484500e-01 9.202589e+08
4.485000e-01 9.185254e+08
4.485500e-01 9.203072e+08
4.486000e-01 9.450882e+08
4.486500e-01 9.378002e+08
4.487000e-01 9.608067e+08
4.487500e-01 9.878660e+08
4.488000e-01 1.008716e+09
4.488500e-01 1.002337e+09
4.489000e-01 1.004662e+09
4.489500e-01 1.014234e+09
4.490000e-01 9.862201e+08
4.490500e-01 9.770168e+08
4.491000e-01 9.529866e+08
4.491500e-01 9.439452e+08
4.492000e-01 9.483768e+08
4.492500e-01 8.967376e+08
4.493000e-01 8.912633e+08
4.493500e-01 8.764339e+08
4.494000e-01 8.734908e+08
4.494500e-01 8.776008e+08
4.495000e-01 8.597129e+08
4.495500e-01 8.690441e+08
4.496000e-01 8.864530e+08
4.496500e-01 8.893354e+08
4.497000e-01 9.123563e+08
4.497500e-01 9.152772e+08
4.498000e-01 9.535027e+08
4.498500e-01 9.528440e+08
4.499000e-01 9.402746e+08
4.499500e-01 9.543829e+08
4.500000e-01 9.615282e+08
4.500500e-01 9.572100e+08
4.501000e-01 9.748286e+08
4.501500e-01 9.413138e+08
4.502000e-01 9.790959e+08
4.502500e-01 9.756820e+08
4.503000e-01 9.664638e+08
4.503500e-01 9.753544e+08
4.504000e-01 9.654427e+08
4.504500e-01 9.580189e+08
4.505000e-01 9.769875e+08
4.505500e-01 9.779825e+08
4.506000e-01 9.705328e+08
4.506500e-01 9.783617e+08
4.507000e-01 1.002941e+09
4.507500e-01 1.004910e+09
4.508000e-01 1.008433e+09
4.508500e-01 9.944734e+08
4.509000e-01 9.963517e+08
4.509500e-01 1.003717e+09
4.510000e-01 9.954270e+08
4.510500e-01 1.002927e+09
4.511000e-01 9.812505e+08
4.511500e-01 9.613221e+08
4.512000e-01 9.857307e+08
4.512500e-01 9.760241e+08
4.513000e-01 9.813319e+08
4.513500e-01 9.754389e+08
4.514000e-01 9.780392e+08
4.514500e-01 9.824228e+08
4.515000e-01 9.973175e+08
4.515500e-01 9.721980e+08
4.516000e-01 9.453138e+08
4.516500e-01 9.527250e+08
4.517000e-01 9.585854e+08
4.517500e-01 9.799164e+08
4.518000e-01 9.766798e+08
4.518500e-01 1.007834e+09
4.519000e-01 9.912831e+08
4.519500e-01 9.772675e+08
4.520000e-01 9.735134e+08
4.520500e-01 9.937580e+08
4.521000e-01 1.028012e+09
4.521500e-01 1.018459e+09
4.522000e-01 1.019113e+09
4.522500e-01 1.033444e+09
4.523000e-01 1.031819e+09
4.523500e-01 1.022674e+09
4.524000e-01 1.012035e+09
4.524500e-01 1.010315e+09
4.525000e-01 9.990602e+08
4.525500e-01 1.008936e+09
4.526000e-01 9.738833e+08
4.526500e-01 9.558729e+08
4.527000e-01 9.319977e+08
4.527500e-01 9.338484e+08
4.528000e-01 9.463961e+08
4.528500e-01 9.603103e+08
4.529000e-01 9.826014e+08
4.529500e-01 9.976488e+08
4.530000e-01 9.929730e+08
4.530500e-01 9.930418e+08
4.531000e-01 9.897543e+08
4.531500e-01 9.894923e+08
4.532000e-01 1.002644e+09
4.532500e-01 1.004281e+09
4.533000e-01 9.897888e+08
4.533500e-01 9.936242e+08
4.534000e-01 9.814392e+08
4.534500e-01 9.723350e+08
4.535000e-01 9.856439e+08
4.535500e-01 9.866294e+08
4.536000e-01 9.681542e+08
4.536500e-01 9.877183e+08
4.537000e-01 9.909536e+08
4.537500e-01 9.877018e+08
4.538000e-01 1.010070e+09
4.538500e-01 9.937878e+08
4.539000e-01 9.976149e+08
4.539500e-01 9.898991e+08
4.540000e-01 9.925169e+08
4.540500e-01 1.002382e+09
4.541000e-01 9.979821e+08
4.541500e-01 9.898331e+08
4.542000e-01 9.964740e+08
4.542500e-01 9.749495e+08
4.543000e-01 9.644041e+08
4.543500e-01 9.596324e+08
4.544000e-01 9.592540e+08
4.544500e-01 9.899129e+08
4.545000e-01 9.945020e+08
4.545500e-01 9.753130e+08
4.546000e-01 9.560718e+08
4.546500e-01 9.545312e+08
4.547000e-01 9.681443e+08
4.547500e-01 9.796458e+08
4.548000e-01 9.745074e+08
4.548500e-01 9.794951e+08
4.549000e-01 1.015992e+09
4.549500e-01 1.036525e+09
4.550000e-01 1.043961e+09
4.550500e-01 1.035352e+09
4.551000e-01 1.018845e+09
4.551500e-01 1.048807e+09
4.552000e-01 1.045292e+09
4.552500e-01 1.026212e+09
4.553000e-01 1.008952e+09
4.553500e-01 9.840398e+08
4.554000e-01 9.990935e+08
4.554500e-01 1.008608e+09
4.555000e-01 1.009118e+09
4.555500e-01 1.016784e+09
4.556000e-01 1.023820e+09
4.556500e-01 1.047124e+09
4.557000e-01 1.057643e+09
4.557500e-01 1.038341e+09
4.558000e-01 1.050115e+09
4.558500e-01 1.057733e+09
4.559000e-01 1.071980e+09
4.559500e-01 1.074096e+09
4.560000e-01 1.056904e+09
4.560500e-01 1.076715e+09
4.561000e-01 1.081700e+09
4.561500e-01 1.073321e+09
4.562000e-01 1.069076e+09
4.562500e-01 1.077938e+09
4.563000e-01 1.087148e+09
4.563500e-01 1.073617e+09
4.564000e-01 1.059428e+09
4.564500e-01 1.044533e+09
4.565000e-01 1.067747e+09
4.565500e-01 1.054665e+09
4.566000e-01 1.032461e+09
4.566500e-01 1.023954e+09
4.567000e-01 1.012013e+09
4.567500e-01 1.008714e+09
4.568000e-01 9.923879e+08
4.568500e-01 1.009948e+09
4.569000e-01 1.002696e+09
4.569500e-01 1.024287e+09
4.570000e-01 1.020950e+09
4.570500e-01 1.028131e+09
4.571000e-01 1.014487e+09
4.571500e-01 1.028818e+09
4.572000e-01 1.033315e+09
4.572500e-01 1.033086e+09
4.573000e-01 1.025896e+09
4.573500e-01 1.024473e+09
4.574000e-01 1.029704e+09
4.574500e-01 1.027036e+09
4.575000e-01 1.032890e+09
4.575500e-01 1.028956e+09
4.576000e-01 1.041337e+09
4.576500e-01 1.061131e+09
4.577000e-01 1.059402e+09
4.577500e-01 1.049371e+09
4.578000e-01 1.052883e+09
4.578500e-01 1.051934e+09
4.579000e-01 1.043672e+09
4.579500e-01 1.045583e+09
4.580000e-01 1.042928e+09
4.580500e-01 1.035270e+09
4.581000e-01 1.031679e+09
4.581500e-01 1.043615e+09
4.582000e-01 1.032914e+09
4.582500e-01 1.023824e+09
4.583000e-01 1.026488e+09
4.583500e-01 1.072683e+09
4.584000e-01 1.067234e+09
4.584500e-01 1.077352e+09
4.585000e-01 1.098441e+09
4.585500e-01 1.097611e+09
4.586000e-01 1.089098e+09
4.586500e-01 1.080615e+09
4.587000e-01 1.107755e+09
4.587500e-01 1.114165e+09
4.588000e-01 1.108461e+09
4.588500e-01 1.130230e+09
4.589000e-01 1.112110e+09
4.589500e-01 1.114255e+09
4.590000e-01 1.082452e+09
4.590500e-01 1.108931e+09
4.591000e-01 1.103001e+09
4.591500e-01 1.066204e+09
4.592000e-01 1.065600e+09
4.592500e-01 1.042919e+09
4.593000e-01 1.024196e+09
4.593500e-01 1.015643e+09
4.594000e-01 1.021368e+09
4.594500e-01 1.032599e+09
4.595000e-01 1.036558e+09
4.595500e-01 1.053286e+09
4.596000e-01 1.061197e+09
4.596500e-01 1.076219e+09
4.597000e-01 1.104655e+09
4.597500e-01 1.113008e+09
4.598000e-01 1.124545e+09
4.598500e-01 1.111530e+09
4.599000e-01 1.126740e+09
4.599500e-01 1.130969e+09
4.600000e-01 1.120739e+09
4.600500e-01 1.105709e+09
4.601000e-01 1.108882e+09
4.601500e-01 1.088175e+09
4.602000e-01 1.089414e+09
4.602500e-01 1.090545e+09
4.603000e-01 1.080236e+09
4.603500e-01 1.075168e+09
4.604000e-01 1.077906e+09
4.604500e-01 1.110156e+09
4.605000e-01 1.100316e+09
4.605500e-01 1.098292e+09
4.606000e-01 1.098844e+09
4.606500e-01 1.104605e+09
4.607000e-01 1.099098e+09
4.607500e-01 1.094235e+09
4.608000e-01 1.081729e+09
4.608500e-01 1.078380e+09
4.609000e-01 1.091160e+09
4.609500e-01 1.084168e+09
4.610000e-01 1.077045e+09
4.610500e-01 1.105150e+09
4.611000e-01 1.107169e+09
4.611500e-01 1.115904e+09
4.612000e-01 1.128544e+09
4.612500e-01 1.123410e+09
4.613000e-01 1.127684e+09
4.613500e-01 1.118094e+09
4.614000e-01 1.133017e+09
4.614500e-01 1.123736e+09
4.615000e-01 1.129009e+09
4.615500e-01 1.142444e+09
4.616000e-01 1.134650e+09
4.616500e-01 1.153052e+09
4.617000e-01 1.166148e+09
4.617500e-01 1.178301e+09
4.618000e-01 1.182478e+09
4.618500e-01 1.189224e+09
4.619000e-01 1.179043e+09
4.619500e-01 1.189618e+09
4.620000e-01 1.151090e+09
4.620500e-01 1.150247e+09
4.621000e-01 1.145482e+09
4.621500e-01 1.155132e+09
4.622000e-01 1.169931e+09
4.622500e-01 1.173230e+09
4.623000e-01 1.172152e+09
4.623500e-01 1.165353e+09
4.624000e-01 1.175599e+09
4.624500e-01 1.180736e+09
4.625000e-01 1.172535e+09
4.625500e-01 1.176757e+09
4.626000e-01 1.152702e+09
4.626500e-01 1.140450e+09
4.627000e-01 1.139003e+09
4.627500e-01 1.138719e+09
4.628000e-01 1.126484e+09
4.628500e-01 1.139452e+09
4.629000e-01 1.138218e+09
4.629500e-01 1.134715e+09
4.630000e-01 1.137926e+09
4.630500e-01 1.128975e+09
4.631000e-01 1.127457e+09
4.631500e-01 1.148709e+09
4.632000e-01 1.126304e+09
4.632500e-01 1.142172e+09
4.633000e-01 1.165457e+09
4.633500e-01 1.142735e+09
4.634000e-01 1.144761e+09
4.634500e-01 1.148803e+09
4.635000e-01 1.138737e+09
4.635500e-01 1.151132e+09
4.636000e-01 1.138164e+09
4.636500e-01 1.134499e+09
4.637000e-01 1.137538e+09
4.637500e-01 1.128884e+09
4.638000e-01 1.117325e+09
4.638500e-01 1.111020e+09
4.639000e-01 1.103901e+09
4.639500e-01 1.099593e+09
4.640000e-01 1.096846e+09
4.640500e-01 1.084650e+09
4.641000e-01 1.076534e+09
4.641500e-01 1.041162e+09
4.642000e-01 1.064722e+09
4.642500e-01 1.058555e+09
4.643000e-01 1.062089e+09
4.643500e-01 1.069139e+09
4.644000e-01 1.073788e+09
4.644500e-01 1.095263e+09
4.645000e-01 1.093041e+09
4.645500e-01 1.093798e+09
4.646000e-01 1.097899e+09
4.646500e-01 1.085950e+09
4.647000e-01 1.090364e+09
4.647500e-01 1.084053e+09
4.648000e-01 1.082368e+09
4.648500e-01 1.066664e+09
4.649000e-01 1.082647e+09
4.649500e-01 1.086341e+09
4.650000e-01 1.094947e+09
4.650500e-01 1.106821e+09
4.651000e-01 1.127918e+09
4.651500e-01 1.135058e+09
4.652000e-01 1.146372e+09
4.652500e-01 1.157303e+09
4.653000e-01 1.174719e+09
4.653500e-01 1.175704e+09
4.654000e-01 1.177510e+09
4.654500e-01 1.153904e+09
4.655000e-01 1.146409e+09
4.655500e-01 1.144519e+09
4.656000e-01 1.131568e+09
4.656500e-01 1.121647e+09
4.657000e-01 1.145264e+09
4.657500e-01 1.120091e+09
4.658000e-01 1.131040e+09
4.658500e-01 1.123473e+09
4.659000e-01 1.115594e+09
4.659500e-01 1.135773e+09
4.660000e-01 1.101556e+09
4.660500e-01 1.092374e+09
4.661000e-01 1.099118e+09
4.661500e-01 1.107357e+09
4.662000e-01 1.094557e+09
4.662500e-01 1.095577e+09
4.663000e-01 1.094122e+09
4.663500e-01 1.101716e+09
4.664000e-01 1.104357e+09
4.664500e-01 1.097766e+09
4.665000e-01 1.087545e+09
4.665500e-01 1.082264e+09
4.666000e-01 1.090097e+09
4.666500e-01 1.107602e+09
4.667000e-01 1.092364e+09
4.667500e-01 1.099206e+09
4.668000e-01 1.100317e+09
4.668500e-01 1.099605e+09
4.669000e-01 1.079317e+09
4.669500e-01 1.085819e+09
4.670000e-01 1.101487e+09
4.670500e-01 1.101438e+09
4.671000e-01 1.127106e+09
4.671500e-01 1.132881e+09
4.672000e-01 1.131525e+09
4.672500e-01 1.147983e+09
4.673000e-01 1.170306e+09
4.673500e-01 1.155280e+09
4.674000e-01 1.168581e+09
4.674500e-01 1.168376e+09
4.675000e-01 1.190027e+09
4.675500e-01 1.168143e+09
4.676000e-01 1.167203e+09
4.676500e-01 1.187661e+09
4.677000e-01 1.188466e+09
4.677500e-01 1.172441e+09
4.678000e-01 1.166310e+09
4.678500e-01 1.152534e+09
4.679000e-01 1.154338e+09
4.679500e-01 1.163401e+09
4.680000e-01 1.153154e+09
4.680500e-01 1.144970e+09
4.681000e-01 1.154047e+09
4.681500e-01 1.149124e+09
4.682000e-01 1.159021e+09
4.682500e-01 1.175493e+09
4.683000e-01 1.178063e+09
4.683500e-01 1.190302e+09
4.684000e-01 1.188287e+09
4.684500e-01 1.183077e+09
4.685000e-01 1.179265e+09
4.685500e-01 1.175135e+09
4.686000e-01 1.171173e+09
4.686500e-01 1.168381e+09
4.687000e-01 1.187414e+09
4.687500e-01 1.189758e+09
4.688000e-01 1.177739e+09
4.688500e-01 1.167262e+09
4.689000e-01 1.187104e+09
4.689500e-01 1.190728e+09
4.690000e-01 1.182304e+09
4.690500e-01 1.189151e+09
4.691000e-01 1.194476e+09
4.691500e-01 1.190334e+09
4.692000e-01 1.181845e+09
4.692500e-01 1.181642e+09
4.693000e-01 1.178848e+09
4.693500e-01 1.171108e+09
4.694000e-01 1.167180e+09
4.694500e-01 1.166798e+09
4.695000e-01 1.158507e+09
4.695500e-01 1.145631e+09
4.696000e-01 1.132262e+09
4.696500e-01 1.128716e+09
4.697000e-01 1.129726e+09
4.697500e-01 1.141875e+09
4.698000e-01 1.132415e+09
4.698500e-01 1.147741e+09
4.699000e-01 1.141294e+09
4.699500e-01 1.148135e+09
4.700000e-01 1.140236e+09
4.700500e-01 1.147607e+09
4.701000e-01 1.135157e+09
4.701500e-01 1.140636e+09
4.702000e-01 1.163469e+09
4.702500e-01 1.170468e+09
4.703000e-01 1.158467e+09
4.703500e-01 1.174010e+09
4.704000e-01 1.165290e+09
4.704500e-01 1.185261e+09
4.705000e-01 1.165770e+09
4.705500e-01 1.153167e+09
4.706000e-01 1.165438e+09
4.706500e-01 1.169880e+09
4.707000e-01 1.163791e+09
4.707500e-01 1.161503e+09
4.708000e-01 1.146840e+09
4.708500e-01 1.130628e+09
4.709000e-01 1.155488e+09
4.709500e-01 1.144908e+09
4.710000e-01 1.144291e+09
4.710500e-01 1.134896e+09
4.711000e-01 1.133066e+09
4.711500e-01 1.163807e+09
4.712000e-01 1.164176e+09
4.712500e-01 1.166448e+09
4.713000e-01 1.159985e+09
4.713500e-01 1.176586e+09
4.714000e-01 1.162635e+09
4.714500e-01 1.148345e+09
4.715000e-01 1.162373e+09
4.715500e-01 1.152661e+09
4.716000e-01 1.161458e+09
4.716500e-01 1.155910e+09
4.717000e-01 1.160964e+09
4.717500e-01 1.166830e+09
4.718000e-01 1.158898e+09
4.718500e-01 1.156023e+09
4.719000e-01 1.156346e+09
4.719500e-01 1.160533e+09
4.720000e-01 1.185371e+09
4.720500e-01 1.181604e+09
4.721000e-01 1.198682e+09
4.721500e-01 1.193065e+09
4.722000e-01 1.198153e+09
4.722500e-01 1.201110e+09
4.723000e-01 1.182276e+09
4.723500e-01 1.196480e+09
4.724000e-01 1.209908e+09
4.724500e-01 1.191370e+09
4.725000e-01 1.206439e+09
4.725500e-01 1.207057e+09
4.726000e-01 1.224088e+09
4.726500e-01 1.230984e+09
4.727000e-01 1.211773e+09
4.727500e-01 1.210414e+09
4.728000e-01 1.202117e+09
4.728500e-01 1.196951e+09
4.729000e-01 1.201986e+09
4.729500e-01 1.202676e+09
4.730000e-01 1.197159e+09
4.730500e-01 1.195136e+09
4.731000e-01 1.194830e+09
4.731500e-01 1.186627e+09
4.732000e-01 1.204386e+09
4.732500e-01 1.200772e+09
4.733000e-01 1.198506e+09
4.733500e-01 1.215394e+09
4.734000e-01 1.203033e+09
4.734500e-01 1.202004e+09
4.735000e-01 1.213147e+09
4.735500e-01 1.184615e+09
4.736000e-01 1.194455e+09
4.736500e-01 1.193671e+09
4.737000e-01 1.182010e+09
4.737500e-01 1.178175e+09
4.738000e-01 1.190065e+09
4.738500e-01 1.203915e+09
4.739000e-01 1.207178e+09
4.739500e-01 1.218626e+09
4.740000e-01 1.229864e+09
4.740500e-01 1.235757e+09
4.741000e-01 1.210800e+09
4.741500e-01 1.205835e+09
4.742000e-01 1.226772e+09
4.742500e-01 1.227603e+09
4.743000e-01 1.189194e+09
4.743500e-01 1.209629e+09
4.744000e-01 1.222228e+09
4.744500e-01 1.216593e+09
4.745000e-01 1.209559e+09
4.745500e-01 1.207234e+09
4.746000e-01 1.203003e+09
4.746500e-01 1.210864e+09
4.747000e-01 1.210665e+09
4.747500e-01 1.203468e+09
4.748000e-01 1.217991e+09
4.748500e-01 1.217156e+09
4.749000e-01 1.210038e+09
4.749500e-01 1.208134e+09
4.750000e-01 1.210506e+09
4.750500e-01 1.203114e+09
4.751000e-01 1.206169e+09
4.751500e-01 1.196455e+09
4.752000e-01 1.190684e+09
4.752500e-01 1.198080e+09
4.753000e-01 1.189365e+09
4.753500e-01 1.191353e+09
4.754000e-01 1.184401e+09
4.754500e-01 1.184757e+09
4.755000e-01 1.181486e+09
4.755500e-01 1.198290e+09
4.756000e-01 1.189808e+09
4.756500e-01 1.194386e+09
4.757000e-01 1.210169e+09
4.757500e-01 1.194591e+09
4.758000e-01 1.201545e+09
4.758500e-01 1.196671e+09
4.759000e-01 1.219503e+09
4.759500e-01 1.230326e+09
4.760000e-01 1.199441e+09
4.760500e-01 1.215590e+09
4.761000e-01 1.199826e+09
4.761500e-01 1.194863e+09
4.762000e-01 1.185473e+09
4.762500e-01 1.163207e+09
4.763000e-01 1.154322e+09
4.763500e-01 1.169444e+09
4.764000e-01 1.148848e+09
4.764500e-01 1.144340e+09
4.765000e-01 1.159663e+09
4.765500e-01 1.155374e+09
4.766000e-01 1.148640e+09
4.766500e-01 1.173630e+09
4.767000e-01 1.182359e+09
4.767500e-01 1.205109e+09
4.768000e-01 1.203093e+09
4.768500e-01 1.207381e+09
4.769000e-01 1.222181e+09
4.769500e-01 1.228235e+09
4.770000e-01 1.216830e+09
4.770500e-01 1.211635e+09
4.771000e-01 1.210994e+09
4.771500e-01 1.234251e+09
4.772000e-01 1.208652e+09
4.772500e-01 1.198497e+09
4.773000e-01 1.198678e+09
4.773500e-01 1.212933e+09
4.774000e-01 1.203830e+09
4.774500e-01 1.199640e+09
4.775000e-01 1.225960e+09
4.775500e-01 1.240458e+09
4.776000e-01 1.258120e+09
4.776500e-01 1.262523e+09
4.777000e-01 1.266966e+09
4.777500e-01 1.248726e+09
4.778000e-01 1.257818e+09
4.778500e-01 1.247195e+09
4.779000e-01 1.231840e+09
4.779500e-01 1.243046e+09
4.780000e-01 1.201511e+09
4.780500e-01 1.204227e+09
4.781000e-01 1.202616e+09
4.781500e-01 1.197802e+09
4.782000e-01 1.166772e+09
4.782500e-01 1.153862e+09
4.783000e-01 1.175951e+09
4.783500e-01 1.146621e+09
4.784000e-01 1.146258e+09
4.784500e-01 1.154192e+09
4.785000e-01 1.150029e+09
4.785500e-01 1.153037e+09
4.786000e-01 1.161368e+09
4.786500e-01 1.152397e+09
4.787000e-01 1.158672e+09
4.787500e-01 1.177492e+09
4.788000e-01 1.183274e+09
4.788500e-01 1.207674e+09
4.789000e-01 1.220986e+09
4.789500e-01 1.223530e+09
4.790000e-01 1.224977e+09
4.790500e-01 1.204164e+09
4.791000e-01 1.215371e+09
4.791500e-01 1.232448e+09
4.792000e-01 1.210772e+09
4.792500e-01 1.219220e+09
4.793000e-01 1.235402e+09
4.793500e-01 1.229199e+09
4.794000e-01 1.225973e+09
4.794500e-01 1.229488e+09
4.795000e-01 1.236441e+09
4.795500e-01 1.220923e+09
4.796000e-01 1.214645e+09
4.796500e-01 1.213492e+09
4.797000e-01 1.207614e+09
4.797500e-01 1.195163e+09
4.798000e-01 1.218550e+09
4.798500e-01 1.220209e+09
4.799000e-01 1.202277e+09
4.799500e-01 1.230645e+09
4.800000e-01 1.224418e+09
4.800500e-01 1.231602e+09
4.801000e-01 1.231386e+09
4.801500e-01 1.234451e+09
4.802000e-01 1.230938e+09
4.802500e-01 1.249933e+09
4.803000e-01 1.244458e+09
4.803500e-01 1.228123e+09
4.804000e-01 1.233370e+09
4.804500e-01 1.229060e+09
4.805000e-01 1.232328e+09
4.805500e-01 1.239343e+09
4.806000e-01 1.237752e+09
4.806500e-01 1.236542e+09
4.807000e-01 1.225044e+09
4.807500e-01 1.216291e+09
4.808000e-01 1.222019e+09
4.808500e-01 1.237600e+09
4.809000e-01 1.218367e+09
4.809500e-01 1.232594e+09
4.810000e-01 1.235532e+09
4.810500e-01 1.220726e+09
4.811000e-01 1.221955e+09
4.811500e-01 1.224575e+09
4.812000e-01 1.237419e+09
4.812500e-01 1.219378e+09
4.813000e-01 1.232127e+09
4.813500e-01 1.239965e+09
4.814000e-01 1.240496e+09
4.814500e-01 1.238093e+09
4.815000e-01 1.199508e+09
4.815500e-01 1.212838e+09
4.816000e-01 1.199239e+09
4.816500e-01 1.188322e+09
4.817000e-01 1.193731e+09
4.817500e-01 1.186923e+09
4.818000e-01 1.184519e+09
4.818500e-01 1.167680e+09
4.819000e-01 1.155411e+09
4.819500e-01 1.150802e+09
4.820000e-01 1.153011e+09
4.820500e-01 1.145423e+09
4.821000e-01 1.146757e+09
4.821500e-01 1.154534e+09
4.822000e-01 1.171463e+09
4.822500e-01 1.186244e+09
4.823000e-01 1.180031e+09
4.823500e-01 1.157656e+09
4.824000e-01 1.153168e+09
4.824500e-01 1.161223e+09
4.825000e-01 1.175146e+09
4.825500e-01 1.184288e+09
4.826000e-01 1.175343e+09
4.826500e-01 1.174623e+09
4.827000e-01 1.164437e+09
4.827500e-01 1.162723e+09
4.828000e-01 1.161589e+09
4.828500e-01 1.142084e+09
4.829000e-01 1.173316e+09
4.829500e-01 1.181886e+09
4.830000e-01 1.186854e+09
4.830500e-01 1.194596e+09
4.831000e-01 1.193255e+09
4.831500e-01 1.180547e+09
4.832000e-01 1.189267e+09
4.832500e-01 1.174123e+09
4.833000e-01 1.174764e+09
4.833500e-01 1.158771e+09
4.834000e-01 1.169850e+09
4.834500e-01 1.192147e+09
4.835000e-01 1.220412e+09
4.835500e-01 1.225681e+09
4.836000e-01 1.221459e+09
4.836500e-01 1.234033e+09
4.837000e-01 1.232787e+09
4.837500e-01 1.215301e+09
4.838000e-01 1.205233e+09
4.838500e-01 1.220588e+09
4.839000e-01 1.229601e+09
4.839500e-01 1.216305e+09
4.840000e-01 1.241317e+09
4.840500e-01 1.253858e+09
4.841000e-01 1.242676e+09
4.841500e-01 1.222682e+09
4.842000e-01 1.239436e+09
4.842500e-01 1.219762e+09
4.843000e-01 1.234767e+09
4.843500e-01 1.232346e+09
4.844000e-01 1.234361e+09
4.844500e-01 1.206903e+09
4.845000e-01 1.213874e+09
4.845500e-01 1.201036e+09
4.846000e-01 1.180007e+09
4.846500e-01 1.172702e+09
4.847000e-01 1.184453e+09
4.847500e-01 1.170973e+09
4.848000e-01 1.178256e+09
4.848500e-01 1.160415e+09
4.849000e-01 1.191403e+09
4.849500e-01 1.190338e+09
4.850000e-01 1.196121e+09
4.850500e-01 1.177634e+09
4.851000e-01 1.196722e+09
4.851500e-01 1.213951e+09
4.852000e-01 1.206814e+09
4.852500e-01 1.213275e+09
4.853000e-01 1.213858e+09
4.853500e-01 1.218201e+09
4.854000e-01 1.220627e+09
4.854500e-01 1.214150e+09
4.855000e-01 1.233807e+09
4.855500e-01 1.228517e+09
4.856000e-01 1.214053e+09
4.856500e-01 1.234328e+09
4.857000e-01 1.240316e+09
4.857500e-01 1.243387e+09
4.858000e-01 1.258862e+09
4.858500e-01 1.260989e+09
4.859000e-01 1.263279e+09
4.859500e-01 1.267952e+09
4.860000e-01 1.227650e+09
4.860500e-01 1.122061e+09
4.861000e-01 1.079936e+09
4.861500e-01 1.078305e+09
4.862000e-01 1.103563e+09
4.862500e-01 1.192120e+09
4.863000e-01 1.279755e+09
4.863500e-01 1.262302e+09
4.864000e-01 1.275428e+09
4.864500e-01 1.280196e+09
4.865000e-01 1.266020e+09
4.865500e-01 1.268181e+09
4.866000e-01 1.276069e+09
4.866500e-01 1.295413e+09
4.867000e-01 1.284520e+09
4.867500e-01 1.291085e+09
4.868000e-01 1.285019e+09
4.868500e-01 1.284911e+09
4.869000e-01 1.268028e+09
4.869500e-01 1.264917e+09
4.870000e-01 1.269103e+09
4.870500e-01 1.284306e+09
4.871000e-01 1.281386e+09
4.871500e-01 1.277981e+09
4.872000e-01 1.257054e+09
4.872500e-01 1.275979e+09
4.873000e-01 1.263954e+09
4.873500e-01 1.245142e+09
4.874000e-01 1.256943e+09
4.874500e-01 1.254053e+09
4.875000e-01 1.267831e+09
4.875500e-01 1.262156e+09
4.876000e-01 1.240322e+09
4.876500e-01 1.265866e+09
4.877000e-01 1.256070e+09
4.877500e-01 1.261442e+09
4.878000e-01 1.251701e+09
4.878500e-01 1.257999e+09
4.879000e-01 1.261104e+09
4.879500e-01 1.248780e+09
4.880000e-01 1.248462e+09
4.880500e-01 1.241452e+09
4.881000e-01 1.231646e+09
4.881500e-01 1.216955e+09
4.882000e-01 1.231725e+09
4.882500e-01 1.220636e+09
4.883000e-01 1.192363e+09
4.883500e-01 1.194250e+09
4.884000e-01 1.196347e+09
4.884500e-01 1.183454e+09
4.885000e-01 1.204813e+09
4.885500e-01 1.218806e+09
4.886000e-01 1.222489e+09
4.886500e-01 1.206246e+09
4.887000e-01 1.221782e+09
4.887500e-01 1.239190e+09
4.888000e-01 1.239736e+09
4.888500e-01 1.250059e+09
4.889000e-01 1.249749e+09
4.889500e-01 1.256653e+09
4.890000e-01 1.259889e+09
4.890500e-01 1.248010e+09
4.891000e-01 1.258638e+09
4.891500e-01 1.257570e+09
4.892000e-01 1.270245e+09
4.892500e-01 1.275872e+09
4.893000e-01 1.272006e+09
4.893500e-01 1.261926e+09
4.894000e-01 1.294206e+09
4.894500e-01 1.293050e+09
4.895000e-01 1.286875e+09
4.895500e-01 1.289699e+09
4.896000e-01 1.304241e+09
4.896500e-01 1.285994e+09
4.897000e-01 1.303602e+09
4.897500e-01 1.304043e+09
4.898000e-01 1.316104e+09
4.898500e-01 1.304080e+09
4.899000e-01 1.322943e+09
4.899500e-01 1.281534e+09
4.900000e-01 1.286964e+09
4.900500e-01 1.291740e+09
4.901000e-01 1.269167e+09
4.901500e-01 1.272174e+09
4.902000e-01 1.297303e+09
4.902500e-01 1.284899e+09
4.903000e-01 1.275323e+09
4.903500e-01 1.270822e+09
4.904000e-01 1.260782e+09
4.904500e-01 1.259427e+09
4.905000e-01 1.245395e+09
4.905500e-01 1.244064e+09
4.906000e-01 1.253137e+09
4.906500e-01 1.270898e+09
4.907000e-01 1.256648e+09
4.907500e-01 1.252412e+09
4.908000e-01 1.260894e+09
4.908500e-01 1.252527e+09
4.909000e-01 1.255252e+09
4.909500e-01 1.265519e+09
4.910000e-01 1.271176e+09
4.910500e-01 1.280965e+09
4.911000e-01 1.277735e+09
4.911500e-01 1.263166e+09
4.912000e-01 1.283838e+09
4.912500e-01 1.285016e+09
4.913000e-01 1.298538e+09
4.913500e-01 1.293460e+09
4.914000e-01 1.307376e+09
4.914500e-01 1.303328e+09
4.915000e-01 1.301238e+09
4.915500e-01 1.333390e+09
4.916000e-01 1.331478e+09
4.916500e-01 1.306135e+09
4.917000e-01 1.305310e+09
4.917500e-01 1.293819e+09
4.918000e-01 1.288996e+09
4.918500e-01 1.300701e+09
4.919000e-01 1.258977e+09
4.919500e-01 1.255277e+09
4.920000e-01 1.271519e+09
4.920500e-01 1.272563e+09
4.921000e-01 1.275545e+09
4.921500e-01 1.254192e+09
4.922000e-01 1.260467e+09
4.922500e-01 1.293265e+09
4.923000e-01 1.308311e+09
4.923500e-01 1.293281e+09
4.924000e-01 1.291017e+09
4.924500e-01 1.276297e+09
4.925000e-01 1.282331e+09
4.925500e-01 1.287937e+09
4.926000e-01 1.300370e+09
4.926500e-01 1.262422e+09
4.927000e-01 1.259015e+09
4.927500e-01 1.272722e+09
4.928000e-01 1.264435e+09
4.928500e-01 1.260950e+09
4.929000e-01 1.288779e+09
4.929500e-01 1.276507e+09
4.930000e-01 1.279932e+09
4.930500e-01 1.269164e+09
4.931000e-01 1.273314e+09
4.931500e-01 1.275206e+09
4.932000e-01 1.283540e+09
4.932500e-01 1.282396e+09
4.933000e-01 1.292762e+09
4.933500e-01 1.304401e+09
4.934000e-01 1.283738e+09
4.934500e-01 1.284275e+09
4.935000e-01 1.283047e+09
4.935500e-01 1.289740e+09
4.936000e-01 1.301252e+09
4.936500e-01 1.300350e+09
4.937000e-01 1.282694e+09
4.937500e-01 1.274154e+09
4.938000e-01 1.307333e+09
4.938500e-01 1.303549e+09
4.939000e-01 1.313979e+09
4.939500e-01 1.309141e+09
4.940000e-01 1.313846e+09
4.940500e-01 1.319321e+09
4.941000e-01 1.307459e+09
4.941500e-01 1.289149e+09
4.942000e-01 1.291995e+09
4.942500e-01 1.293900e+09
4.943000e-01 1.287803e+09
4.943500e-01 1.278971e+09
4.944000e-01 1.283317e+09
4.944500e-01 1.280928e+09
4.945000e-01 1.271811e+09
4.945500e-01 1.279777e+09
4.946000e-01 1.258920e+09
4.946500e-01 1.257773e+09
4.947000e-01 1.263921e+09
4.947500e-01 1.247885e+09
4.948000e-01 1.272323e+09
4.948500e-01 1.278105e+09
4.949000e-01 1.270733e+09
4.949500e-01 1.271265e+09
4.950000e-01 1.274276e+09
4.950500e-01 1.265880e+09
4.951000e-01 1.269639e+09
4.951500e-01 1.273727e+09
4.952000e-01 1.261648e+09
4.952500e-01 1.252818e+09
4.953000e-01 1.258825e+09
4.953500e-01 1.259465e+09
4.954000e-01 1.252726e+09
4.954500e-01 1.245903e+09
4.955000e-01 1.263650e+09
4.955500e-01 1.285284e+09
4.956000e-01 1.273461e+09
4.956500e-01 1.289170e+09
4.957000e-01 1.277796e+09
4.957500e-01 1.292760e+09
4.958000e-01 1.276223e+09
4.958500e-01 1.266113e+09
4.959000e-01 1.274829e+09
4.959500e-01 1.273944e+09
4.960000e-01 1.278776e+09
4.960500e-01 1.259362e+09
4.961000e-01 1.253915e+09
4.961500e-01 1.262405e+09
4.962000e-01 1.236131e+09
4.962500e-01 1.216701e+09
4.963000e-01 1.207178e+09
4.963500e-01 1.232778e+09
4.964000e-01 1.228864e+09
4.964500e-01 1.236245e+09
4.965000e-01 1.235390e+09
4.965500e-01 1.243782e+09
4.966000e-01 1.238626e+09
4.966500e-01 1.218590e+09
4.967000e-01 1.229412e+09
4.967500e-01 1.228489e+09
4.968000e-01 1.218840e+09
4.968500e-01 1.238994e+09
4.969000e-01 1.226179e+09
4.969500e-01 1.211722e+09
4.970000e-01 1.209492e+09
4.970500e-01 1.205859e+09
4.971000e-01 1.178874e+09
4.971500e-01 1.186356e+09
4.972000e-01 1.191623e+09
4.972500e-01 1.179077e+09
4.973000e-01 1.200870e+09
4.973500e-01 1.183295e+09
4.974000e-01 1.173484e+09
4.974500e-01 1.158938e+09
4.975000e-01 1.140407e+09
4.975500e-01 1.133436e+09
4.976000e-01 1.114982e+09
4.976500e-01 1.112632e+09
4.977000e-01 1.109844e+09
4.977500e-01 1.103388e+09
4.978000e-01 1.108782e+09
4.978500e-01 1.166806e+09
4.979000e-01 1.273372e+09
4.979500e-01 1.491804e+09
4.980000e-01 1.758802e+09
4.980500e-01 2.025343e+09
4.981000e-01 2.265994e+09
4.981500e-01 2.473903e+09
4.982000e-01 2.565307e+09
4.982500e-01 2.562900e+09
4.983000e-01 2.488830e+09
4.983500e-01 2.389000e+09
4.984000e-01 2.330703e+09
4.984500e-01 2.425240e+09
4.985000e-01 2.438143e+09
4.985500e-01 2.241738e+09
4.986000e-01 1.894404e+09
4.986500e-01 1.450986e+09
4.987000e-01 1.143118e+09
4.987500e-01 1.057617e+09
4.988000e-01 1.038313e+09
4.988500e-01 1.071720e+09
4.989000e-01 1.085021e+09
4.989500e-01 1.085032e+09
4.990000e-01 1.129045e+09
4.990500e-01 1.104541e+09
4.991000e-01 1.120908e+09
4.991500e-01 1.107582e+09
4.992000e-01 1.106698e+09
4.992500e-01 1.119052e+09
4.993000e-01 1.136694e+09
4.993500e-01 1.133205e+09
4.994000e-01 1.152791e+09
4.994500e-01 1.144397e+09
4.995000e-01 1.122991e+09
4.995500e-01 1.142767e+09
4.996000e-01 1.158904e+09
4.996500e-01 1.176445e+09
4.997000e-01 1.196653e+09
4.997500e-01 1.194335e+09
4.998000e-01 1.210319e+09
4.998500e-01 1.216930e+09
4.999000e-01 1.221144e+09
4.999500e-01 1.232233e+09
5.000000e-01 1.217833e+09
5.000500e-01 1.240300e+09
5.001000e-01 1.250515e+09
5.001500e-01 1.261978e+09
5.002000e-01 1.264458e+09
5.002500e-01 1.258231e+09
5.003000e-01 1.265312e+09
5.003500e-01 1.253420e+09
5.004000e-01 1.274916e+09
5.004500e-01 1.272308e+09
5.005000e-01 1.255225e+09
5.005500e-01 1.252267e+09
5.006000e-01 1.241784e+09
5.006500e-01 1.238571e+09
5.007000e-01 1.236900e+09
5.007500e-01 1.235164e+09
5.008000e-01 1.240940e+09
5.008500e-01 1.221172e+09
5.009000e-01 1.227307e+09
5.009500e-01 1.229248e+09
5.010000e-01 1.244780e+09
5.010500e-01 1.236322e+09
5.011000e-01 1.253229e+09
5.011500e-01 1.239970e+09
5.012000e-01 1.249595e+09
5.012500e-01 1.243781e+09
5.013000e-01 1.243615e+09
5.013500e-01 1.261696e+09
5.014000e-01 1.242573e+09
5.014500e-01 1.229777e+09
5.015000e-01 1.262710e+09
5.015500e-01 1.255325e+09
5.016000e-01 1.276957e+09
5.016500e-01 1.295131e+09
5.017000e-01 1.326973e+09
5.017500e-01 1.353922e+09
5.018000e-01 1.364483e+09
5.018500e-01 1.368527e+09
5.019000e-01 1.374779e+09
5.019500e-01 1.363480e+09
5.020000e-01 1.354725e+09
5.020500e-01 1.364614e+09
5.021000e-01 1.354077e+09
5.021500e-01 1.362268e+09
5.022000e-01 1.350354e+09
5.022500e-01 1.357799e+09
5.023000e-01 1.348229e+09
5.023500e-01 1.326924e+09
5.024000e-01 1.326861e+09
5.024500e-01 1.315843e+09
5.025000e-01 1.320461e+09
5.025500e-01 1.319612e+09
5.026000e-01 1.335818e+09
5.026500e-01 1.330042e+09
5.027000e-01 1.356594e+09
5.027500e-01 1.349728e+09
5.028000e-01 1.343432e+09
5.028500e-01 1.347033e+09
5.029000e-01 1.351853e+09
5.029500e-01 1.360050e+09
5.030000e-01 1.351094e+09
5.030500e-01 1.363989e+09
5.031000e-01 1.346896e+09
5.031500e-01 1.352696e+09
5.032000e-01 1.328933e+09
5.032500e-01 1.327018e+09
5.033000e-01 1.314402e+09
5.033500e-01 1.308985e+09
5.034000e-01 1.313950e+09
5.034500e-01 1.306199e+09
5.035000e-01 1.308305e+09
5.035500e-01 1.320856e+09
5.036000e-01 1.328862e+09
5.036500e-01 1.336609e+09
5.037000e-01 1.346664e+09
5.037500e-01 1.351303e+09
5.038000e-01 1.367371e+09
5.038500e-01 1.366683e+09
5.039000e-01 1.368387e+09
5.039500e-01 1.359261e+09
5.040000e-01 1.345854e+09
5.040500e-01 1.350892e+09
5.041000e-01 1.336386e+09
5.041500e-01 1.294669e+09
5.042000e-01 1.286931e+09
5.042500e-01 1.257667e+09
5.043000e-01 1.249321e+09
5.043500e-01 1.243010e+09
5.044000e-01 1.225712e+09
5.044500e-01 1.242683e+09
5.045000e-01 1.237572e+09
5.045500e-01 1.236881e+09
5.046000e-01 1.260440e+09
5.046500e-01 1.270488e+09
5.047000e-01 1.290393e+09
5.047500e-01 1.284055e+09
5.048000e-01 1.305904e+09
5.048500e-01 1.331375e+09
5.049000e-01 1.301239e+09
5.049500e-01 1.329800e+09
5.050000e-01 1.333629e+09
5.050500e-01 1.373948e+09
5.051000e-01 1.386433e+09
5.051500e-01 1.390130e+09
5.052000e-01 1.403207e+09
5.052500e-01 1.422527e+09
5.053000e-01 1.427767e+09
5.053500e-01 1.408762e+09
5.054000e-01 1.419936e+09
5.054500e-01 1.417450e+09
5.055000e-01 1.399898e+09
5.055500e-01 1.419026e+09
5.056000e-01 1.393657e+09
5.056500e-01 1.397638e+09
5.057000e-01 1.381130e+09
5.057500e-01 1.362678e+09
5.058000e-01 1.370296e+09
5.058500e-01 1.353350e+09
5.059000e-01 1.348467e+09
5.059500e-01 1.349014e+09
5.060000e-01 1.341432e+09
5.060500e-01 1.346168e+09
5.061000e-01 1.346721e+09
5.061500e-01 1.346586e+09
5.062000e-01 1.352889e+09
5.062500e-01 1.340042e+09
5.063000e-01 1.337593e+09
5.063500e-01 1.351371e+09
5.064000e-01 1.353620e+09
5.064500e-01 1.349874e+09
5.065000e-01 1.365333e+09
5.065500e-01 1.396193e+09
5.066000e-01 1.396036e+09
5.066500e-01 1.399490e+09
5.067000e-01 1.404428e+09
5.067500e-01 1.436855e+09
5.068000e-01 1.438691e+09
5.068500e-01 1.434630e+09
5.069000e-01 1.430215e+09
5.069500e-01 1.446556e+09
5.070000e-01 1.433423e+09
5.070500e-01 1.440102e+09
5.071000e-01 1.424311e+09
5.071500e-01 1.422414e+09
5.072000e-01 1.427220e+09
5.072500e-01 1.441972e+09
5.073000e-01 1.430710e+09
5.073500e-01 1.452028e+09
5.074000e-01 1.443458e+09
5.074500e-01 1.467949e+09
5.075000e-01 1.471878e+09
5.075500e-01 1.450518e+09
5.076000e-01 1.453171e+09
5.076500e-01 1.453268e+09
5.077000e-01 1.457080e+09
5.077500e-01 1.465885e+09
5.078000e-01 1.448284e+09
5.078500e-01 1.453098e+09
5.079000e-01 1.434971e+09
5.079500e-01 1.452282e+09
5.080000e-01 1.466635e+09
5.080500e-01 1.471532e+09
5.081000e-01 1.513364e+09
5.081500e-01 1.539497e+09
5.082000e-01 1.548535e+09
5.082500e-01 1.549097e+09
5.083000e-01 1.536441e+09
5.083500e-01 1.515667e+09
5.084000e-01 1.537438e+09
5.084500e-01 1.556328e+09
5.085000e-01 1.562232e+09
5.085500e-01 1.535828e+09
5.086000e-01 1.507034e+09
5.086500e-01 1.485402e+09
5.087000e-01 1.434815e+09
5.087500e-01 1.433156e+09
5.088000e-01 1.423196e+09
5.088500e-01 1.410522e+09
5.089000e-01 1.416699e+09
5.089500e-01 1.380931e+09
5.090000e-01 1.388146e+09
5.090500e-01 1.382776e+09
5.091000e-01 1.377472e+09
5.091500e-01 1.370398e+09
5.092000e-01 1.351608e+09
5.092500e-01 1.370946e+09
5.093000e-01 1.378891e+09
5.093500e-01 1.377259e+09
5.094000e-01 1.371664e+09
5.094500e-01 1.394798e+09
5.095000e-01 1.385107e+09
5.095500e-01 1.389960e+09
5.096000e-01 1.404721e+09
5.096500e-01 1.402695e+09
5.097000e-01 1.412605e+09
5.097500e-01 1.402366e+09
5.098000e-01 1.424440e+09
5.098500e-01 1.423154e+09
5.099000e-01 1.439065e+09
5.099500e-01 1.421526e+09
5.100000e-01 1.422648e+09
5.100500e-01 1.419052e+09
5.101000e-01 1.423407e+09
5.101500e-01 1.403269e+09
5.102000e-01 1.392839e+09
5.102500e-01 1.412916e+09
5.103000e-01 1.396280e+09
5.103500e-01 1.380543e+09
5.104000e-01 1.354328e+09
5.104500e-01 1.353785e+09
5.105000e-01 1.357222e+09
5.105500e-01 1.357441e+09
5.106000e-01 1.335965e+09
5.106500e-01 1.351917e+09
5.107000e-01 1.333154e+09
5.107500e-01 1.329831e+09
5.108000e-01 1.320440e+09
5.108500e-01 1.309073e+09
5.109000e-01 1.315897e+09
5.109500e-01 1.332290e+09
5.110000e-01 1.333341e+09
5.110500e-01 1.338539e+09
5.111000e-01 1.343042e+09
5.111500e-01 1.367164e+09
5.112000e-01 1.388783e+09
5.112500e-01 1.421946e+09
5.113000e-01 1.425228e+09
5.113500e-01 1.427638e+09
5.114000e-01 1.411985e+09
5.114500e-01 1.399939e+09
5.115000e-01 1.408021e+09
5.115500e-01 1.418084e+09
5.116000e-01 1.410412e+09
5.116500e-01 1.405944e+09
5.117000e-01 1.410246e+09
5.117500e-01 1.393129e+09
5.118000e-01 1.402958e+09
5.118500e-01 1.402282e+09
5.119000e-01 1.412857e+09
5.119500e-01 1.419634e+09
5.120000e-01 1.423580e+09
5.120500e-01 1.437040e+09
5.121000e-01 1.430783e+09
5.121500e-01 1.423275e+09
5.122000e-01 1.425740e+09
5.122500e-01 1.443871e+09
5.123000e-01 1.443793e+09
5.123500e-01 1.436468e+09
5.124000e-01 1.447447e+09
5.124500e-01 1.453418e+09
5.125000e-01 1.460209e+09
5.125500e-01 1.444675e+09
5.126000e-01 1.459553e+09
5.126500e-01 1.468311e+09
5.127000e-01 1.495278e+09
5.127500e-01 1.484566e+09
5.128000e-01 1.513520e+09
5.128500e-01 1.570264e+09
5.129000e-01 1.643807e+09
5.129500e-01 1.717578e+09
5.130000e-01 1.802749e+09
5.130500e-01 1.885405e+09
5.131000e-01 1.936073e+09
5.131500e-01 1.965299e+09
5.132000e-01 1.964369e+09
5.132500e-01 1.949638e+09
5.133000e-01 1.898426e+09
5.133500e-01 1.883506e+09
5.134000e-01 1.874983e+09
5.134500e-01 1.810668e+09
5.135000e-01 1.712124e+09
5.135500e-01 1.622846e+09
5.136000e-01 1.523072e+09
5.136500e-01 1.446200e+09
5.137000e-01 1.407278e+09
5.137500e-01 1.389607e+09
5.138000e-01 1.379733e+09
5.138500e-01 1.362288e+09
5.139000e-01 1.361020e+09
5.139500e-01 1.359358e+09
5.140000e-01 1.336875e+09
5.140500e-01 1.354844e+09
5.141000e-01 1.338446e+09
5.141500e-01 1.347346e+09
5.142000e-01 1.337295e+09
5.142500e-01 1.358582e+09
5.143000e-01 1.364714e+09
5.143500e-01 1.351202e+09
5.144000e-01 1.342977e+09
5.144500e-01 1.346360e+09
5.145000e-01 1.348745e+09
5.145500e-01 1.356346e+09
5.146000e-01 1.321189e+09
5.146500e-01 1.345701e+09
5.147000e-01 1.377645e+09
5.147500e-01 1.356455e+09
5.148000e-01 1.399233e+09
5.148500e-01 1.386277e+09
5.149000e-01 1.417974e+09
5.149500e-01 1.409400e+09
5.150000e-01 1.410578e+09
5.150500e-01 1.394800e+09
5.151000e-01 1.394489e+09
5.151500e-01 1.406682e+09
5.152000e-01 1.403251e+09
5.152500e-01 1.418987e+09
5.153000e-01 1.423329e+09
5.153500e-01 1.419388e+09
5.154000e-01 1.407900e+09
5.154500e-01 1.405197e+09
5.155000e-01 1.420391e+09
5.155500e-01 1.425765e+09
5.156000e-01 1.420577e+09
5.156500e-01 1.416957e+09
5.157000e-01 1.441544e+09
5.157500e-01 1.457863e+09
5.158000e-01 1.476650e+09
5.158500e-01 1.459649e+09
5.159000e-01 1.481384e+09
5.159500e-01 1.464810e+09
5.160000e-01 1.460995e+09
5.160500e-01 1.453167e+09
5.161000e-01 1.444398e+09
5.161500e-01 1.450928e+09
5.162000e-01 1.425062e+09
5.162500e-01 1.435360e+09
5.163000e-01 1.421900e+09
5.163500e-01 1.417800e+09
5.164000e-01 1.402046e+09
5.164500e-01 1.394657e+09
5.165000e-01 1.370548e+09
5.165500e-01 1.355631e+09
5.166000e-01 1.374868e+09
5.166500e-01 1.369173e+09
5.167000e-01 1.359590e+09
5.167500e-01 1.366282e+09
5.168000e-01 1.349183e+09
5.168500e-01 1.349567e+09
5.169000e-01 1.372139e+09
5.169500e-01 1.390713e+09
5.170000e-01 1.378942e+09
5.170500e-01 1.437370e+09
5.171000e-01 1.464321e+09
5.171500e-01 1.482701e+09
5.172000e-01 1.482257e+09
5.172500e-01 1.449610e+09
5.173000e-01 1.469247e+09
5.173500e-01 1.480979e+09
5.174000e-01 1.463533e+09
5.174500e-01 1.469301e+09
5.175000e-01 1.454211e+09
5.175500e-01 1.434829e+09
5.176000e-01 1.419296e+09
5.176500e-01 1.414183e+09
5.177000e-01 1.419459e+09
5.177500e-01 1.427873e+09
5.178000e-01 1.425994e+09
5.178500e-01 1.435613e+09
5.179000e-01 1.425284e+09
5.179500e-01 1.440173e+09
5.180000e-01 1.437514e+09
5.180500e-01 1.454642e+09
5.181000e-01 1.452485e+09
5.181500e-01 1.441163e+09
5.182000e-01 1.468377e+09
5.182500e-01 1.494951e+09
5.183000e-01 1.491719e+09
5.183500e-01 1.489018e+09
5.184000e-01 1.479517e+09
5.184500e-01 1.484767e+09
5.185000e-01 1.476537e+09
5.185500e-01 1.506864e+09
5.186000e-01 1.497751e+09
5.186500e-01 1.472381e+09
5.187000e-01 1.468992e+09
5.187500e-01 1.475457e+09
5.188000e-01 1.480947e+09
5.188500e-01 1.493800e+09
5.189000e-01 1.488832e+09
5.189500e-01 1.470309e+09
5.190000e-01 1.474753e+09
5.190500e-01 1.471217e+09
5.191000e-01 1.457690e+09
5.191500e-01 1.474109e+09
5.192000e-01 1.458104e+09
5.192500e-01 1.441530e+09
5.193000e-01 1.430704e+09
5.193500e-01 1.433495e+09
5.194000e-01 1.423014e+09
5.194500e-01 1.431523e+09
5.195000e-01 1.435004e+09
5.195500e-01 1.475708e+09
5.196000e-01 1.436650e+09
5.196500e-01 1.436920e+09
5.197000e-01 1.694933e+09
5.197500e-01 1.946091e+09
5.198000e-01 1.982918e+09
5.198500e-01 1.971680e+09
5.199000e-01 1.851920e+09
5.199500e-01 1.715932e+09
5.200000e-01 1.736074e+09
5.200500e-01 1.760314e+09
5.201000e-01 1.749580e+09
5.201500e-01 1.578315e+09
5.202000e-01 1.398449e+09
5.202500e-01 1.410042e+09
5.203000e-01 1.424441e+09
5.203500e-01 1.420721e+09
5.204000e-01 1.474236e+09
5.204500e-01 1.483630e+09
5.205000e-01 1.460075e+09
5.205500e-01 1.452261e+09
5.206000e-01 1.440216e+09
5.206500e-01 1.426417e+09
5.207000e-01 1.433389e+09
5.207500e-01 1.415968e+09
5.208000e-01 1.401099e+09
5.208500e-01 1.389015e+09
5.209000e-01 1.387967e+09
5.209500e-01 1.401459e+09
5.210000e-01 1.414462e+09
5.210500e-01 1.436725e+09
5.211000e-01 1.465553e+09
5.211500e-01 1.444073e+09
5.212000e-01 1.467417e+09
5.212500e-01 1.460525e+09
5.213000e-01 1.465033e+09
5.213500e-01 1.475099e+09
5.214000e-01 1.485433e+09
5.214500e-01 1.516506e+09
5.215000e-01 1.504766e+09
5.215500e-01 1.522533e+09
5.216000e-01 1.515577e+09
5.216500e-01 1.491292e+09
5.217000e-01 1.473535e+09
5.217500e-01 1.490561e+09
5.218000e-01 1.496410e+09
5.218500e-01 1.506915e+09
5.219000e-01 1.516340e+09
5.219500e-01 1.517889e+09
5.220000e-01 1.518401e+09
5.220500e-01 1.520620e+09
5.221000e-01 1.533859e+09
5.221500e-01 1.532850e+09
5.222000e-01 1.516539e+09
5.222500e-01 1.523156e+09
5.223000e-01 1.458024e+09
5.223500e-01 1.459536e+09
5.224000e-01 1.448215e+09
5.224500e-01 1.415906e+09
5.225000e-01 1.457628e+09
5.225500e-01 1.469081e+09
5.226000e-01 1.457816e+09
5.226500e-01 1.445342e+09
5.227000e-01 1.441350e+09
5.227500e-01 1.454910e+09
5.228000e-01 1.453142e+09
5.228500e-01 1.457523e+09
5.229000e-01 1.466336e+09
5.229500e-01 1.479816e+09
5.230000e-01 1.486561e+09
5.230500e-01 1.480636e+09
5.231000e-01 1.477642e+09
5.231500e-01 1.483777e+09
5.232000e-01 1.513806e+09
5.232500e-01 1.480609e+09
5.233000e-01 1.504645e+09
5.233500e-01 1.506194e+09
5.234000e-01 1.470836e+09
5.234500e-01 1.486931e+09
